744
56
23
871
971
632
221
552
549
646
364
850
408
526
542
350
642
723
959
500
423
321
779
475
282
684
943
179
235
664
428
982
547
634
248
749
759
593
601
78
151
454
255
724
541
97
362
303
965
969
118
299
677
887
79
36
673
721
968
402
393
199
77
814
877
15
102
296
150
433
130
864
349
628
51
781
643
936
636
838
318
265
46
338
800
416
754
771
172
370
279
419
160
87
63
515
312
804
497
366
267
331
263
925
633
901
596
988
110
663
328
456
888
561
438
640
602
115
747
451
989
831
236
869
432
875
638
812
209
242
216
630
992
539
388
170
396
809
239
726
753
735
257
608
538
654
712
535
346
62
121
466
309
510
315
703
790
479
116
785
67
430
492
459
927
32
617
574
737
218
155
768
670
999
431
657
133
545
655
595
534
620
612
256
675
213
669
680
511
83
308
232
29
403
694
90
158
389
480
139
34
837
124
4
554
762
902
498
583
450
334
571
981
998
823
702
985
132
645
517
698
935
285
144
196
894
868
949
895
728
668
581
64
770
839
58
598
380
467
173
141
351
273
348
697
53
544
912
217
928
72
486
745
76
339
290
575
31
841
506
378
553
119
75
310
805
597
764
484
422
247
752
166
828
413
629
112
401
893
705
614
241
499
913
35
532
148
915
22
827
794
387
585
107
716
509
495
313
161
368
584
570
773
136
44
907
866
870
938
13
268
987
603
665
817
81
946
739
900
297
52
589
60
80
682
802
117
341
846
523
66
436
2
881
245
652
820
944
17
922
758
854
701
311
354
674
775
727
352
801
778
729
555
858
967
622
185
152
713
294
292
42
94
478
962
180
379
137
414
660
324
260
917
449
105
722
623
302
455
404
473
322
520
876
718
261
20
954
678
493
175
937
659
621
12
624
964
514
743
365
929
206
461
123
882
126
385
373
421
776
586
234
502
860
916
395
214
11
353
477
572
606
27
93
323
49
789
55
207
995
358
836
963
933
825
590
906
298
592
815
650
147
919
410
390
8
731
122
582
551
405
546
799
452
512
134
382
649
956
695
600
159
485
748
224
464
333
947
424
508
330
156
767
853
444
564
238
74
826
605
518
82
448
262
425
300
458
162
305
671
521
25
275
505
688
615
412
816
769
10
398
872
896
231
319
453
340
611
205
983
788
227
95
829
651
736
195
476
672
751
409
411
98
445
3
1000
278
940
252
862
548
443
874
210
228
717
811
573
530
386
426
711
924
468
146
394
911
609
923
128
945
859
503
766
733
163
183
550
961
30
939
490
487
861
281
979
108
973
830
676
65
274
469
417
101
84
377
327
457
856
135
880
977
442
879
88
283
61
557
246
813
223
618
113
178
719
588
786
462
559
904
679
16
99
594
226
821
834
250
565
277
441
342
427
165
540
616
782
343
720
293
610
501
435
192
699
527
491
9
793
857
690
974
742
204
528
709
314
746
951
543
114
5
169
587
984
253
892
383
619
681
507
714
177
647
471
54
176
710
648
326
18
367
863
190
908
656
270
905
763
567
212
407
483
516
707
225
266
990
504
26
558
765
372
482
972
976
230
182
560
704
229
931
211
878
898
181
855
524
271
604
138
375
301
188
397
154
418
446
537
19
194
371
447
184
627
653
131
845
38
865
73
237
921
934
761
607
914
391
306
320
336
772
873
635
381
835
104
269
360
143
33
465
280
750
200
952
852
474
153
991
889
886
966
522
289
808
201
953
978
613
220
186
760
683
687
193
356
460
740
562
932
730
941
777
286
103
639
685
251
824
741
955
903
45
783
440
39
667
198
86
798
316
533
661
345
910
48
244
392
986
566
757
69
295
437
202
344
686
361
243
384
918
307
1
784
578
70
21
120
71
513
41
994
317
958
37
563
556
187
347
970
337
867
6
359
168
329
111
631
957
171
47
844
732
822
890
191
774
997
434
59
215
948
240
355
791
950
284
91
272
755
89
843
851
109
810
369
842
975
142
374
203
174
662
363
68
780
568
993
140
157
304
96
127
840
439
525
641
797
129
579
145
796
706
693
259
335
399
325
806
996
692
569
666
884
288
332
40
536
926
626
756
488
847
637
787
406
249
258
400
164
691
708
942
599
463
357
7
208
832
529
415
883
233
700
899
738
43
494
519
885
580
819
930
818
276
254
689
849
625
57
795
106
197
531
577
734
496
14
264
125
481
291
848
591
807
92
792
725
472
833
50
420
219
489
189
658
920
376
696
909
167
980
897
149
960
24
576
715
28
891
803
287
100
85
222
470
429
644
